$ 1 0.000005 10.20027730826997 50 5 43 5e-11
g 224 464 224 528 0 0
f 128 336 224 336 32 1.5 0.02
f 128 240 224 240 32 1.5 0.02
R 224 224 224 144 0 0 40 5 0 0 0.5
r 128 240 48 240 0 1000
r 128 336 48 336 0 1000
L 48 240 0 240 2 1 false 5 0
L 48 336 0 336 2 1 false 5 0
w 224 256 224 320 0
w 224 352 224 400 0
r 224 400 224 464 0 1000
M 224 400 320 400 2 2.5
x 195 84 245 87 4 24 AND
f 688 240 736 240 32 1.5 0.02
f 912 240 832 240 32 1.5 0.02
r 688 240 608 240 0 1000
r 912 240 1024 240 0 1000
L 608 240 560 240 2 1 false 5 0
L 1024 240 1072 240 2 1 false 5 0
w 832 256 832 288 0
w 736 256 736 288 0
w 784 288 784 352 0
r 784 352 784 432 0 1000
g 784 432 784 480 0 0
M 784 352 832 352 2 2.5
R 784 192 784 128 0 0 40 5 0 0 0.5
w 784 224 784 192 0
w 832 224 784 224 0
w 736 224 784 224 0
w 832 288 784 288 0
w 736 288 784 288 0
x 765 101 801 104 4 24 OR
b -48 16 414 565 0
b 496 16 1105 566 0
R 176 768 176 688 0 0 40 5 0 0 0.5
r 176 768 176 848 0 1000
M 176 848 240 848 2 2.5
f 80 896 176 896 32 1.5 0.02
w 176 848 176 880 0
r 80 896 16 896 0 1000
L 16 896 -32 896 2 1 false 5 0
w 176 912 176 960 0
g 176 960 176 1008 0 0
x 148 664 198 667 4 24 NOT
b -50 595 411 1044 0
x 773 648 841 651 4 24 NAND
R 800 736 800 672 0 0 40 5 0 0 0.5
r 800 736 800 800 0 1000
M 800 800 896 800 2 2.5
w 800 800 800 832 0
f 720 848 800 848 32 1.5 0.02
f 720 928 800 928 32 1.5 0.02
f 672 1024 752 1024 32 1.5 0.02
w 800 864 800 912 0
w 800 944 800 992 0
r 720 848 656 848 0 1000
r 720 928 656 928 0 1000
r 672 1024 608 1024 0 1000
L 656 848 608 848 2 0 false 5 0
L 656 928 608 928 2 0 false 5 0
L 608 1024 560 1024 2 0 false 5 0
w 800 992 800 1024 0
g 800 1024 800 1104 0 0
b 496 592 1107 1198 0
R 1424 176 1424 112 0 0 40 5 0 0 0.5
r 1424 176 1424 240 0 1000
w 1424 272 1376 272 0
w 1424 272 1472 272 0
f 1296 288 1376 288 32 1.5 0.02
f 1552 288 1472 288 32 1.5 0.02
r 1296 288 1248 288 0 1000
L 1248 288 1216 288 2 0 false 5 0
r 1552 288 1600 288 0 1000
L 1600 288 1632 288 2 0 false 5 0
w 1376 304 1376 320 0
w 1376 320 1424 320 0
w 1472 304 1472 320 0
w 1472 320 1424 320 0
w 1424 320 1424 352 0
g 1424 352 1424 448 0 0
M 1424 240 1488 240 2 2.5
w 1424 272 1424 240 0
x 1397 86 1450 89 4 24 NOR
b 1136 16 1722 564 0
R 1424 784 1424 736 0 0 40 5 0 0 0.5
w 1424 784 1424 816 0
w 1424 816 1376 816 0
w 1424 816 1472 816 0
f 1312 832 1376 832 33 1.5 0.02
f 1536 832 1472 832 33 1.5 0.02
w 1472 848 1424 848 0
w 1376 848 1424 848 0
w 1424 848 1424 880 0
w 1424 880 1376 880 0
w 1424 880 1472 880 0
f 1328 896 1376 896 32 1.5 0.02
f 1520 896 1472 896 32 1.5 0.02
w 1536 832 1536 896 0
w 1536 896 1520 896 0
w 1312 832 1312 896 0
w 1312 896 1328 896 0
r 1312 832 1264 832 0 1000
r 1536 832 1584 832 0 1000
L 1264 832 1232 832 2 0 false 5 0
L 1584 832 1616 832 2 0 false 5 0
w 1472 912 1424 912 0
w 1376 912 1424 912 0
w 1424 912 1424 944 0
r 1424 944 1424 992 0 1000
w 1424 992 1424 1008 0
g 1424 1008 1424 1040 0 0
M 1424 944 1472 944 2 2.5
x 1397 711 1449 714 4 24 XOR
b 1136 592 1721 1197 0
b 1744 592 2329 1197 0
x 1997 721 2066 724 4 24 XNOR
M 2032 832 2080 832 2 2.5
g 2032 992 2032 1024 0 0
r 2032 784 2032 832 0 1000
w 2032 960 2032 992 0
w 1984 960 2032 960 0
w 2080 960 2032 960 0
L 2192 880 2224 880 2 0 false 5 0
L 1872 880 1840 880 2 0 false 5 0
r 2144 880 2192 880 0 1000
r 1920 880 1872 880 0 1000
w 1920 944 1936 944 0
w 1920 880 1920 944 0
w 2144 944 2128 944 0
w 2144 880 2144 944 0
f 2128 944 2080 944 32 1.5 0.02
f 1936 944 1984 944 32 1.5 0.02
w 2032 928 2080 928 0
w 2032 928 1984 928 0
w 2032 896 2032 928 0
w 1984 896 2032 896 0
w 2080 896 2032 896 0
f 2144 880 2080 880 33 1.5 0.02
f 1920 880 1984 880 33 1.5 0.02
w 2032 864 2080 864 0
w 2032 864 1984 864 0
w 2032 832 2032 864 0
R 2032 784 2032 736 0 0 40 5 0 0 0.5
